bp	prob
1	0.04831
2	0.04831
3	0.04831
4	0.04831
5	0.04831
6	0.04831
7	0.04832
8	0.04831
9	0.04831
10	0.04832
11	0.04832
12	0.04831
13	0.04831
14	0.04832
15	0.04831
16	0.04831
17	0.04831
18	0.04831
19	0.04832
20	0.04831
21	0.04832
22	0.04831
23	0.04831
24	0.04832
25	0.04831
26	0.04832
27	0.04831
28	0.04832
29	0.04832
30	0.04832
31	0.04832
32	0.04831
33	0.04832
34	0.04831
35	0.04831
36	0.04831
37	0.04831
38	0.04832
39	0.04832
40	0.04831
41	0.04831
42	0.04831
43	0.04832
44	0.04832
45	0.04831
46	0.04831
47	0.04831
48	0.04832
49	0.04832
50	0.04831
51	0.04832
52	0.04832
53	0.04831
54	0.04831
55	0.04832
56	0.04832
57	0.04831
58	0.04831
59	0.04832
60	0.04832
61	0.04831
62	0.04832
63	0.04832
64	0.04831
65	0.04831
66	0.04831
67	0.04831
68	0.04832
69	0.04832
70	0.04832
71	0.04832
72	0.04832
73	0.04831
74	0.04832
75	0.04832
76	0.04832
77	0.04831
78	0.04831
79	0.04832
80	0.04831
81	0.04831
82	0.04832
83	0.04831
84	0.04832
85	0.04831
86	0.04832
87	0.04831
88	0.04832
89	0.04831
90	0.04831
91	0.04831
92	0.04831
93	0.04832
94	0.04831
95	0.04832
96	0.04831
97	0.04831
98	0.04831
99	0.04832
100	0.04832
101	0.04832
102	0.04831
103	0.04831
104	0.04832
105	0.04831
106	0.04831
107	0.04832
108	0.04831
109	0.04831
110	0.04831
111	0.04832
112	0.04832
113	0.04831
114	0.04831
115	0.04832
116	0.04832
117	0.04831
118	0.04832
119	0.04832
120	0.04832
121	0.04831
122	0.04831
123	0.04831
124	0.04832
125	0.04831
126	0.04831
127	0.04832
128	0.04831
129	0.04831
130	0.04831
131	0.04831
132	0.04831
133	0.04831
134	0.04831
135	0.04832
136	0.04831
137	0.04832
138	0.04831
139	0.04832
140	0.04831
141	0.04831
142	0.04832
143	0.04831
144	0.04831
145	0.04832
146	0.04832
147	0.04831
148	0.04831
149	0.04832
150	0.04831
151	0.04831
152	0.04831
153	0.04832
154	0.04831
155	0.04832
156	0.04831
157	0.04831
158	0.04831
159	0.04831
160	0.04831
161	0.04831
162	0.04832
163	0.04832
164	0.04831
165	0.04831
166	0.04832
167	0.04832
168	0.04832
169	0.04831
170	0.04831
171	0.04832
172	0.04831
173	0.04832
174	0.04831
175	0.04831
176	0.04832
177	0.04831
178	0.04831
179	0.04832
180	0.04831
181	0.04832
182	0.04832
183	0.04831
184	0.04831
185	0.04831
186	0.04831
187	0.04831
188	0.04831
189	0.04832
190	0.04832
191	0.04832
192	0.04831
193	0.04832
194	0.04831
195	0.04832
196	0.04832
197	0.04831
198	0.04831
199	0.04832
200	0.04832
201	0.04831
202	0.04832
203	0.04832
204	0.04831
205	0.04831
206	0.04831
207	0.04832
208	0.04832
209	0.04831
210	0.04832
211	0.04832
212	0.04831
213	0.04832
214	0.04832
215	0.04832
216	0.04832
217	0.04832
218	0.04832
219	0.04831
220	0.04832
221	0.04832
222	0.04832
223	0.04832
224	0.04831
225	0.04832
226	0.04832
227	0.04832
228	0.04832
229	0.04831
230	0.04832
231	0.04831
232	0.04832
233	0.04832
234	0.04831
235	0.04831
236	0.04832
237	0.04831
238	0.04831
239	0.04831
240	0.04831
241	0.04832
242	0.04831
243	0.04831
244	0.04832
245	0.04832
246	0.04831
247	0.04831
248	0.04831
249	0.04832
250	0.04832
251	0.04831
252	0.04832
253	0.04832
254	0.04831
255	0.04831
256	0.04831
257	0.04832
258	0.04831
259	0.04831
260	0.04832
261	0.04831
262	0.04831
263	0.04832
264	0.04832
265	0.04832
266	0.04831
267	0.04832
268	0.04831
269	0.04831
270	0.04832
271	0.04832
272	0.04832
273	0.04832
274	0.04832
275	0.04831
276	0.04831
277	0.04832
278	0.04831
279	0.04831
280	0.04831
281	0.04831
282	0.04832
283	0.04832
284	0.04831
285	0.04832
286	0.04831
287	0.04831
288	0.04831
289	0.04831
290	0.04832
291	0.04831
292	0.04832
293	0.04831
294	0.04832
295	0.04831
296	0.04832
297	0.04831
298	0.04832
299	0.04831
300	0.04831
301	0.04831
302	0.04832
303	0.04832
304	0.04832
305	0.04831
306	0.04832
307	0.04832
308	0.04832
309	0.04832
310	0.04831
311	0.04831
312	0.04831
313	0.04831
314	0.04831
315	0.04831
316	0.04832
317	0.04832
318	0.04832
319	0.04832
320	0.04831
321	0.04831
322	0.04832
323	0.04831
324	0.04831
325	0.04832
326	0.04831
327	0.04831
328	0.04832
329	0.04831
330	0.04831
331	0.04831
332	0.04831
333	0.04831
334	0.04832
335	0.04831
336	0.04832
337	0.04832
338	0.04832
339	0.04832
340	0.04831
341	0.04832
342	0.04831
343	0.04831
344	0.04832
345	0.04832
346	0.04832
347	0.04832
348	0.04831
349	0.04832
350	0.04831
351	0.04831
352	0.04832
353	0.04831
354	0.04832
355	0.04831
356	0.04832
357	0.04832
358	0.04831
359	0.04831
360	0.04832
361	0.06417
362	0.05821
363	0.0033
364	0.00401
365	0.033
366	0.5373
367	0.00632
368	0.00782
369	0.01194
370	0.00846
371	0.00791
372	0.12353
373	0.03291
374	0.01088
375	0.00704
376	0.00915
377	0.067
378	0.00485
379	0.00583
380	0.01273
381	0.04057
382	0.00664
383	0.00503
384	0.01065
385	0.00628
386	0.0054
387	0.00726
388	0.04758
389	0.00916
390	0.00752
391	0.0079
392	0.00455
393	0.00778
394	0.53417
395	0.00483
396	0.00683
397	0.0071
398	0.01663
399	0.03172
400	0.00873
401	0.00694
402	0.09914
403	0.04931
404	0.00454
405	0.01023
406	0.01054
407	0.04556
408	0.08133
409	0.01248
410	0.00677
411	0.00529
412	0.00726
413	0.0053
414	0.0079
415	0.00337
416	0.01508
417	0.00526
418	0.01242
419	0.03965
420	0.00907
421	0.01948
422	0.0043
423	0.15176
424	0.00676
425	0.01144
426	0.00505
427	0.02652
428	0.02488
429	0.01045
430	0.0118
431	0.00389
432	0.00852
433	0.00706
434	0.01186
435	0.00802
436	0.00575
437	0.00527
438	0.01395
439	0.00582
440	0.00482
441	0.04831
442	0.04831
443	0.04831
444	0.04831
445	0.04831
446	0.04831
447	0.04831
448	0.04831
449	0.0069
450	0.00671
451	0.00453
452	0.01529
453	0.01718
454	0.00557
455	0.00727
456	0.02158
457	0.00699
458	0.00884
459	0.03373
460	0.34418
461	0.01097
462	0.01386
463	0.0065
464	0.66082
465	0.00539
466	0.01034
467	0.08696
468	0.00772
469	0.00703
470	0.11789
471	0.01142
472	0.01775
473	0.83157
474	0.03142
475	0.03136
476	0.0088
477	0.03146
478	0.19285
479	0.04909
480	0.0967
481	0.03989
482	0.017
483	0.22506
484	0.0527
485	0.04919
486	0.02675
487	0.01698
488	0.02823
489	0.03982
490	0.20061
491	0.05906
492	0.14823
493	0.04865
494	0.00665
495	0.00602
496	0.00646
497	0.11839
498	0.00448
499	0.05825
500	0.01033
501	0.01114
502	0.4156
503	0.12858
504	0.00834
505	0.1709
506	0.00622
507	0.07814
508	0.13713
509	0.00741
510	0.11426
511	0.005
512	0.01334
513	0.02001
514	0.01125
515	0.00909
516	0.00917
517	0.01299
518	0.00479
519	0.00537
520	0.0696
521	0.17176
522	0.00567
523	0.00789
524	0.00621
525	0.49565
526	0.12555
527	0.05129
528	0.00569
529	0.00754
530	0.0071
531	0.00812
532	0.04669
533	0.00612
534	0.01634
535	0.01135
536	0.00386
537	0.00764
538	0.00755
539	0.00829
540	0.00355
541	0.00655
542	0.00623
543	0.00749
544	0.00456
545	0.00582
546	0.01756
547	0.01219
548	0.00629
549	0.01031
550	0.00982
551	0.01654
552	0.03705
553	0.01495
554	0.07064
555	0.14834
556	0.04831
557	0.04832
558	0.04832
559	0.04832
560	0.04831
561	0.04831
562	0.04832
563	0.04832
564	0.04832
565	0.04832
566	0.04831
567	0.02677
568	0.01424
569	0.20966
570	0.15734
571	0.00578
572	0.46065
573	0.00736
574	0.08125
575	0.15473
576	0.00657
577	0.0181
578	0.09302
579	0.0228
580	0.01601
581	0.0667
582	0.01132
583	0.01242
584	0.0988
585	0.04037
586	0.04145
587	0.00386
588	0.0067
589	0.0777
590	0.00556
591	0.02159
592	0.09033
593	0.0377
594	0.08212
595	0.02946
596	0.06222
597	0.01062
598	0.00391
599	0.00855
600	0.01592
601	0.00401
602	0.01286
603	0.00732
604	0.1822
605	0.01375
606	0.00523
607	0.30211
608	0.0117
609	0.02645
610	0.03963
611	0.00814
612	0.01001
613	0.05674
614	0.02953
615	0.10725
616	0.14264
617	0.00642
618	0.00432
619	0.01014
620	0.01542
621	0.00675
622	0.00632
623	0.00919
624	0.00949
625	0.00828
626	0.01063
627	0.00375
628	0.0065
629	0.0059
630	0.00536
631	0.00462
632	0.01006
633	0.0588
634	0.02644
635	0.00867
636	0.0089
637	0.62317
638	0.35798
639	0.04832
640	0.04831
641	0.04832
642	0.04831
643	0.04832
644	0.04831
645	0.04832
646	0.04831
647	0.04831
648	0.04831
649	0.01168
650	0.03355
651	0.04106
652	0.13144
653	0.04832
654	0.04832
655	0.01058
656	0.39843
657	0.82976
658	0.12325
659	0.02067
660	0.06067
661	0.07817
662	0.6919
663	0.00593
664	0.03578
665	0.70658
666	0.01007
667	0.07941
668	0.04881
669	0.00714
670	0.01608
671	0.0066
672	0.03866
673	0.0066
674	0.0043
675	0.01388
676	0.01312
677	0.136
678	0.32667
679	0.13452
680	0.06377
681	0.00721
682	0.02754
683	0.01011
684	0.11481
685	0.01219
686	0.01133
687	0.01074
688	0.00626
689	0.11509
690	0.15091
691	0.01004
692	0.12546
693	0.00823
694	0.01937
695	0.01258
696	0.08179
697	0.00913
698	0.04351
699	0.06508
700	0.0075
701	0.00785
702	0.01048
703	0.00738
704	0.00784
705	0.02928
706	0.01341
707	0.00538
708	0.01636
709	0.01229
710	0.0391
711	0.00734
712	0.0517
713	0.00811
714	0.00479
715	0.00704
716	0.06896
717	0.00704
718	0.00967
719	0.00568
720	0.00646
721	0.04969
722	0.25262
723	0.0339
724	0.09947
725	0.01856
726	0.01232
727	0.2011
728	0.01105
729	0.33866
730	0.04096
731	0.21803
732	0.05651
733	0.04831
734	0.04831
735	0.04831
736	0.04832
737	0.04832
738	0.04831
739	0.04831
740	0.04832
741	0.04831
742	0.12202
743	0.03558
744	0.02501
745	0.10446
746	0.0339
747	0.06452
748	0.05535
749	0.06178
750	0.03334
751	0.09366
752	0.05433
753	0.13353
754	0.04831
755	0.04831
756	0.04831
757	0.04831
758	0.04831
759	0.04831
760	0.04831
761	0.04831
762	0.04831
763	0.04831
764	0.04831
765	0.04831
766	0.04831
767	0.14219
768	0.16505
769	0.01289
770	0.04831
771	0.04831
772	0.04832
773	0.04832
774	0.04831
775	0.03425
776	0.04026
777	0.03796
778	0.04832
779	0.04831
780	0.04831
781	0.04831
782	0.04831
783	0.04831
784	0.04831
785	0.04832
786	0.04377
787	0.0646
788	0.03406
789	0.03917
790	0.1161
791	0.01835
792	0.0055
793	0.00618
794	0.07404
795	0.12812
796	0.00628
797	0.04832
798	0.18923
799	0.00977
800	0.09675
801	0.0197
802	0.01226
803	0.01045
804	0.00913
805	0.12956
806	0.03247
807	0.02345
808	0.01786
809	0.00988
810	0.11642
811	0.04253
812	0.02224
813	0.00612
814	0.00924
815	0.0105
816	0.00666
817	0.03033
818	0.02088
819	0.00714
820	0.05977
821	0.01887
822	0.01331
823	0.01726
824	0.02265
825	0.02905
826	0.03527
827	0.00528
828	0.00745
829	0.03312
830	0.01612
831	0.05517
832	0.14292
833	0.00911
834	0.00633
835	0.0416
836	0.02049
837	0.01662
838	0.00462
839	0.01073
840	0.00743
841	0.00778
842	0.00633
843	0.04142
844	0.00777
845	0.00696
846	0.02612
847	0.08464
848	0.0119
849	0.01138
850	0.06223
851	0.04414
852	0.05486
853	0.00682
854	0.10747
855	0.04832
856	0.24846
857	0.01259
858	0.00844
859	0.11971
860	0.05277
861	0.01618
862	0.00886
863	0.0081
864	0.02395
865	0.0078
866	0.19291
867	0.14223
868	0.1907
869	0.0116
870	0.00595
871	0.01812
872	0.09357
873	0.1291
874	0.0079
875	0.005
876	0.02525
877	0.00731
878	0.0073
879	0.09856
880	0.00405
881	0.00499
882	0.05319
883	0.01572
884	0.01183
885	0.00753
886	0.01052
887	0.12267
888	0.02726
889	0.00503
890	0.00764
891	0.00387
892	0.00411
893	0.00822
894	0.03833
895	0.00475
896	0.00482
897	0.00922
898	0.00503
899	0.01043
900	0.00528
901	0.00611
902	0.00891
903	0.00413
904	0.00965
905	0.01035
906	0.01048
907	0.01558
908	0.09573
909	0.04594
910	0.01193
911	0.00593
912	0.04636
913	0.00898
914	0.01211
915	0.01223
916	0.00433
917	0.27613
918	0.08715
919	0.02572
920	0.01757
921	0.15635
922	0.12832
923	0.01778
924	0.04832
925	0.04831
926	0.04831
927	0.04832
928	0.00767
929	0.00727
930	0.11331
931	0.00742
932	0.01743
933	0.01189
934	0.01291
935	0.00686
936	0.01706
937	0.04712
938	0.00999
939	0.01429
940	0.02246
941	0.00841
942	0.11407
943	0.06232
944	0.04831
945	0.02923
946	0.28882
947	0.03883
948	0.02969
949	0.01711
950	0.08946
951	0.00786
952	0.02798
953	0.00812
954	0.01738
955	0.00632
956	0.01623
957	0.01459
958	0.00901
959	0.0064
960	0.0143
961	0.00903
962	0.00781
963	0.00757
964	0.17041
965	0.00792
966	0.08452
967	0.00908
968	0.0211
969	0.00553
970	0.00687
971	0.01382
972	0.04831
973	0.04831
974	0.04831
975	0.06767
976	0.10923
977	0.01986
978	0.04832
979	0.04831
980	0.1269
981	0.08009
982	0.11408
983	0.01678
984	0.01352
985	0.03342
986	0.00849
987	0.00948
988	0.0737
989	0.01208
990	0.01164
991	0.00532
992	0.00686
993	0.11218
994	0.0059
995	0.00386
996	0.00938
997	0.00793
998	0.00896
999	0.00721
1000	0.0248
1001	0.01109
1002	0.00829
1003	0.00897
1004	0.0189
1005	0.04831
1006	0.04831
1007	0.04831
1008	0.04831
1009	0.04831
1010	0.04831
1011	0.04831
1012	0.04831
1013	0.04831
1014	0.04831
1015	0.04831
1016	0.04831
1017	0.04831
1018	0.04831
1019	0.04831
1020	0.04831
1021	0.04831
1022	0.04831
1023	0.04831
1024	0.04831
1025	0.04831
1026	0.04832
1027	0.04831
1028	0.03696
1029	0.03584
1030	0.01045
1031	0.04831
1032	0.04832
1033	0.04831
1034	0.03076
1035	0.02493
1036	0.01119
1037	0.01089
1038	0.023
1039	0.01216
1040	0.00652
1041	0.02857
1042	0.04655
1043	0.02004
1044	0.0986
1045	0.02612
1046	0.00773
1047	0.00928
1048	0.02843
1049	0.05629
1050	0.00902
1051	0.00919
1052	0.03597
1053	0.06991
1054	0.01497
1055	0.00561
1056	0.01051
1057	0.00595
1058	0.00502
1059	0.22989
1060	0.08028
1061	0.00806
1062	0.00943
1063	0.02247
1064	0.03925
1065	0.02745
1066	0.01339
1067	0.04643
1068	0.01357
1069	0.05426
1070	0.00706
1071	0.00913
1072	0.00677
1073	0.01439
1074	0.01616
1075	0.00756
1076	0.00474
1077	0.00753
1078	0.0114
1079	0.00539
1080	0.00535
1081	0.01078
1082	0.00585
1083	0.01585
1084	0.01344
1085	0.01091
1086	0.01497
1087	0.005
1088	0.04305
1089	0.07929
1090	0.01114
1091	0.02006
1092	0.00628
1093	0.01983
1094	0.02315
1095	0.0082
1096	0.00535
1097	0.00772
1098	0.01426
1099	0.0836
1100	0.01255
1101	0.04831
1102	0.04832
1103	0.04832
1104	0.04831
1105	0.04831
1106	0.04831
1107	0.04831
1108	0.04832
1109	0.04831
1110	0.04831
1111	0.04831
1112	0.04831
1113	0.04831
1114	0.04832
1115	0.04832
1116	0.04832
1117	0.04831
1118	0.04832
1119	0.04831
1120	0.11255
1121	0.12709
1122	0.01096
1123	0.02943
1124	0.04132
1125	0.0122
1126	0.08388
1127	0.00597
1128	0.02645
1129	0.00853
1130	0.01843
1131	0.00714
1132	0.02263
1133	0.08075
1134	0.00649
1135	0.00426
1136	0.00635
1137	0.00402
1138	0.03017
1139	0.08193
1140	0.01041
1141	0.01107
1142	0.00714
1143	0.1107
1144	0.02762
1145	0.00974
1146	0.06049
1147	0.17583
1148	0.00545
1149	0.09291
1150	0.20045
1151	0.02931
1152	0.00816
1153	0.01326
1154	0.0139
1155	0.01064
1156	0.00684
1157	0.10014
1158	0.04021
1159	0.10784
1160	0.01509
1161	0.13707
1162	0.01074
1163	0.00714
1164	0.01037
1165	0.00419
1166	0.00869
1167	0.00368
1168	0.01686
1169	0.01134
1170	0.07005
1171	0.01531
1172	0.09939
1173	0.04414
1174	0.0255
1175	0.09208
1176	0.0439
1177	0.01058
1178	0.02484
1179	0.04832
1180	0.04832
1181	0.04831
1182	0.04832
1183	0.04832
1184	0.01748
1185	0.04832
1186	0.04831
1187	0.04832
1188	0.01142
1189	0.04046
1190	0.01447
1191	0.01711
1192	0.01329
1193	0.02138
1194	0.0373
1195	0.02404
1196	0.0089
1197	0.06334
1198	0.03536
1199	0.04424
1200	0.0891
1201	0.01863
1202	0.01151
1203	0.13278
1204	0.15513
1205	0.02952
1206	0.07936
1207	0.04831
1208	0.04831
1209	0.04831
1210	0.04831
1211	0.04831
1212	0.04832
1213	0.04831
1214	0.04831
1215	0.04831
1216	0.04831
1217	0.04831
1218	0.04831
1219	0.04831
1220	0.04831
1221	0.04831
1222	0.04831
1223	0.04831
1224	0.04831
1225	0.04831
1226	0.04831
1227	0.04831
1228	0.04831
1229	0.04831
1230	0.04831
1231	0.04831
1232	0.04831
1233	0.04831
1234	0.04831
1235	0.04831
1236	0.04831
1237	0.04831
1238	0.04831
1239	0.04831
1240	0.04831
1241	0.04831
1242	0.04831
1243	0.04831
1244	0.04831
1245	0.04831
1246	0.04831
1247	0.04831
1248	0.04831
1249	0.04831
1250	0.04831
1251	0.04831
1252	0.04831
1253	0.04831
1254	0.04831
1255	0.04831
1256	0.04831
1257	0.04831
1258	0.04831
1259	0.04831
1260	0.04831
1261	0.04831
1262	0.04831
1263	0.04831
1264	0.04831
1265	0.04831
1266	0.04831
1267	0.04831
1268	0.04831
1269	0.04831
1270	0.04831
1271	0.04831
1272	0.04831
1273	0.04831
1274	0.04831
1275	0.04831
1276	0.04831
1277	0.04831
1278	0.04831
1279	0.04831
1280	0.04831
1281	0.04831
1282	0.04831
1283	0.04831
1284	0.04831
